bypass = false
g_in = 0.0000 db
g_out = 0.00 db
mode = 0
fft = 2
react = 0.10000
shift = 0.00 db
zoom = -36.000 db
fsel = 0
bal = 0.00000
frqs = 0.00000
fftv_l = true
fftv_r = true
ft_0 = 5
fm_0 = 0
s_0 = 0
xs_0 = false
xm_0 = false
f_0 = 34.8510
g_0 = 5.0000 db
q_0 = 0.4600
hue_0 = 0
ft_1 = 1
fm_1 = 0
s_1 = 0
xs_1 = false
xm_1 = false
f_1 = 73.9130
g_1 = 0.4000 db
q_1 = 1.4000
hue_1 = 0.07692307692307693
ft_2 = 1
fm_2 = 0
s_2 = 0
xs_2 = false
xm_2 = false
f_2 = 207.5790
g_2 = -0.6200 db
q_2 = 1.4000
hue_2 = 0.15384615384615385
ft_3 = 1
fm_3 = 0
s_3 = 0
xs_3 = false
xm_3 = false
f_3 = 608.0000
g_3 = 0.7000 db
q_3 = 0.8900
hue_3 = 0.23076923076923078
ft_4 = 1
fm_4 = 0
s_4 = 0
xs_4 = false
xm_4 = false
f_4 = 710.6980
g_4 = 1.3900 db
q_4 = 0.0000
hue_4 = 0.3076923076923077
ft_5 = 1
fm_5 = 0
s_5 = 0
xs_5 = false
xm_5 = false
f_5 = 1011.0000
g_5 = -0.8000 db
q_5 = 2.4200
hue_5 = 0.38461538461538464
ft_6 = 1
fm_6 = 0
s_6 = 0
xs_6 = false
xm_6 = false
f_6 = 1290.0000
g_6 = -1.3000 db
q_6 = 2.1000
hue_6 = 0.46153846153846156
ft_7 = 1
fm_7 = 0
s_7 = 0
xs_7 = false
xm_7 = false
f_7 = 1811.0000
g_7 = 1.0000 db
q_7 = 4.0400
hue_7 = 0.5384615384615385
ft_8 = 1
fm_8 = 0
s_8 = 0
xs_8 = false
xm_8 = false
f_8 = 2199.0000
g_8 = 1.4000 db
q_8 = 3.2600
hue_8 = 0.6153846153846154
ft_9 = 1
fm_9 = 0
s_9 = 0
xs_9 = false
xm_9 = false
f_9 = 5038.0000
g_9 = -5.1200 db
q_9 = 2.3500
hue_9 = 0.6923076923076923
ft_10 = 1
fm_10 = 0
s_10 = 0
xs_10 = false
xm_10 = false
f_10 = 6148.9130
g_10 = -1.6500 db
q_10 = 5.8000
hue_10 = 0.7692307692307693
ft_11 = 1
fm_11 = 0
s_11 = 0
xs_11 = false
xm_11 = false
f_11 = 9960.0000
g_11 = 4.0800 db
q_11 = 0.8600
hue_11 = 0.8461538461538463
ft_12 = 4
fm_12 = 0
s_12 = 0
xs_12 = false
xm_12 = false
f_12 = 14858.1120
g_12 = 0.0000 db
q_12 = 0.6000
hue_12 = 0.9230769230769231
ft_13 = 0
fm_13 = 0
s_13 = 0
xs_13 = false
xm_13 = false
f_13 = 500.0000
g_13 = 0.0000 db
q_13 = 1.4100
hue_13 = 0.8125
ft_14 = 0
fm_14 = 0
s_14 = 0
xs_14 = false
xm_14 = false
f_14 = 500.0000
g_14 = 0.0000 db
q_14 = 1.4100
hue_14 = 0.875
ft_15 = 0
fm_15 = 0
s_15 = 0
xs_15 = false
xm_15 = false
f_15 = 500.0000
g_15 = 0.0000 db
q_15 = 1.4100
hue_15 = 0.9375
out_latency = 0