bypass = false
g_in = -3.1300 db
g_out = 0.00 db
mode = 0
fft = 2
react = 0.10000
shift = 0.00 db
zoom = -34.370 db
fsel = 0
bal = 0.00000
frqs = 0.00000
fftv_l = true
fftv_r = true
ft_0 = 5
fm_0 = 0
s_0 = 0
xs_0 = false
xm_0 = false
f_0 = 60.6100
g_0 = 0.0700 db
q_0 = 0.2500
hue_0 = 0
ft_1 = 5
fm_1 = 6
s_1 = 0
xs_1 = false
xm_1 = false
f_1 = 69.3400
g_1 = 4.9900 db
q_1 = 0.5500
hue_1 = 0.16666666666666666
ft_2 = 1
fm_2 = 0
s_2 = 0
xs_2 = false
xm_2 = false
f_2 = 124.7760
g_2 = -5.3600 db
q_2 = 3.2200
hue_2 = 0.3333333333333333
ft_3 = 1
fm_3 = 0
s_3 = 0
xs_3 = false
xm_3 = false
f_3 = 212.8060
g_3 = -4.8200 db
q_3 = 1.5000
hue_3 = 0.5
ft_4 = 1
fm_4 = 0
s_4 = 0
xs_4 = false
xm_4 = false
f_4 = 707.4360
g_4 = 0.1900 db
q_4 = 0.2800
hue_4 = 0.6666666666666666
ft_5 = 3
fm_5 = 0
s_5 = 0
xs_5 = false
xm_5 = false
f_5 = 3546.9370
g_5 = -2.9900 db
q_5 = 0.0000
hue_5 = 0.8333333333333333
ft_6 = 0
fm_6 = 0
s_6 = 0
xs_6 = false
xm_6 = false
f_6 = 500.0000
g_6 = 0.0000 db
q_6 = 1.4100
hue_6 = 0.375
ft_7 = 0
fm_7 = 0
s_7 = 0
xs_7 = false
xm_7 = false
f_7 = 500.0000
g_7 = 0.0000 db
q_7 = 1.4100
hue_7 = 0.4375
ft_8 = 0
fm_8 = 0
s_8 = 0
xs_8 = false
xm_8 = false
f_8 = 500.0000
g_8 = 0.0000 db
q_8 = 1.4100
hue_8 = 0.5
ft_9 = 0
fm_9 = 0
s_9 = 0
xs_9 = false
xm_9 = false
f_9 = 500.0000
g_9 = 0.0000 db
q_9 = 1.4100
hue_9 = 0.5625
ft_10 = 0
fm_10 = 0
s_10 = 0
xs_10 = false
xm_10 = false
f_10 = 500.0000
g_10 = 0.0000 db
q_10 = 1.4100
hue_10 = 0.625
ft_11 = 0
fm_11 = 0
s_11 = 0
xs_11 = false
xm_11 = false
f_11 = 500.0000
g_11 = 0.0000 db
q_11 = 1.4100
hue_11 = 0.6875
ft_12 = 0
fm_12 = 0
s_12 = 0
xs_12 = false
xm_12 = false
f_12 = 500.0000
g_12 = 0.0000 db
q_12 = 1.4100
hue_12 = 0.75
ft_13 = 0
fm_13 = 0
s_13 = 0
xs_13 = false
xm_13 = false
f_13 = 500.0000
g_13 = 0.0000 db
q_13 = 1.4100
hue_13 = 0.8125
ft_14 = 0
fm_14 = 0
s_14 = 0
xs_14 = false
xm_14 = false
f_14 = 500.0000
g_14 = 0.0000 db
q_14 = 1.4100
hue_14 = 0.875
ft_15 = 0
fm_15 = 0
s_15 = 0
xs_15 = false
xm_15 = false
f_15 = 500.0000
g_15 = 0.0000 db
q_15 = 1.4100
hue_15 = 0.9375
out_latency = 0