bypass = false
g_in = 0.0000 db
g_out = 0.00 db
mode = 0
fft = 2
react = 0.10000
shift = 0.00 db
zoom = -36.000 db
fsel = 0
bal = 0.00000
frqs = 0.00000
fftv_l = true
fftv_r = true
ft_0 = 1
fm_0 = 0
s_0 = 0
xs_0 = false
xm_0 = false
f_0 = 37.3520
g_0 = 0.8300 db
q_0 = 1.5000
hue_0 = 0
ft_1 = 1
fm_1 = 0
s_1 = 0
xs_1 = false
xm_1 = false
f_1 = 74.8800
g_1 = -1.7100 db
q_1 = 1.0000
hue_1 = 0.14285714285714285
ft_2 = 1
fm_2 = 0
s_2 = 0
xs_2 = false
xm_2 = false
f_2 = 133.2750
g_2 = -3.5800 db
q_2 = 0.7500
hue_2 = 0.2857142857142857
ft_3 = 1
fm_3 = 0
s_3 = 0
xs_3 = false
xm_3 = false
f_3 = 603.2850
g_3 = -0.7500 db
q_3 = 0.2500
hue_3 = 0.42857142857142855
ft_4 = 1
fm_4 = 0
s_4 = 0
xs_4 = false
xm_4 = false
f_4 = 2152.5920
g_4 = 0.1000 db
q_4 = 2.2500
hue_4 = 0.5714285714285714
ft_5 = 1
fm_5 = 0
s_5 = 0
xs_5 = false
xm_5 = false
f_5 = 4395.0480
g_5 = -1.4500 db
q_5 = 0.2000
hue_5 = 0.7142857142857142
ft_6 = 3
fm_6 = 0
s_6 = 0
xs_6 = false
xm_6 = false
f_6 = 8959.5080
g_6 = -4.1500 db
q_6 = 0.2500
hue_6 = 0.8571428571428571
ft_7 = 0
fm_7 = 0
s_7 = 0
xs_7 = false
xm_7 = false
f_7 = 500.0000
g_7 = 0.0000 db
q_7 = 1.4100
hue_7 = 0.4375
ft_8 = 0
fm_8 = 0
s_8 = 0
xs_8 = false
xm_8 = false
f_8 = 500.0000
g_8 = 0.0000 db
q_8 = 1.4100
hue_8 = 0.5
ft_9 = 0
fm_9 = 0
s_9 = 0
xs_9 = false
xm_9 = false
f_9 = 500.0000
g_9 = 0.0000 db
q_9 = 1.4100
hue_9 = 0.5625
ft_10 = 0
fm_10 = 0
s_10 = 0
xs_10 = false
xm_10 = false
f_10 = 500.0000
g_10 = 0.0000 db
q_10 = 1.4100
hue_10 = 0.625
ft_11 = 0
fm_11 = 0
s_11 = 0
xs_11 = false
xm_11 = false
f_11 = 500.0000
g_11 = 0.0000 db
q_11 = 1.4100
hue_11 = 0.6875
ft_12 = 0
fm_12 = 0
s_12 = 0
xs_12 = false
xm_12 = false
f_12 = 500.0000
g_12 = 0.0000 db
q_12 = 1.4100
hue_12 = 0.75
ft_13 = 0
fm_13 = 0
s_13 = 0
xs_13 = false
xm_13 = false
f_13 = 500.0000
g_13 = 0.0000 db
q_13 = 1.4100
hue_13 = 0.8125
ft_14 = 0
fm_14 = 0
s_14 = 0
xs_14 = false
xm_14 = false
f_14 = 500.0000
g_14 = 0.0000 db
q_14 = 1.4100
hue_14 = 0.875
ft_15 = 0
fm_15 = 0
s_15 = 0
xs_15 = false
xm_15 = false
f_15 = 500.0000
g_15 = 0.0000 db
q_15 = 1.4100
hue_15 = 0.9375
out_latency = 0