bypass = false
g_in = 0.0000 db
g_out = 0.00 db
mode = 0
fft = 0
react = 0.20000
shift = 0.00 db
zoom = -25.040 db
fsel = 0
bal = 0.00000
frqs = 0.00000
fftv_l = true
fftv_r = true
ft_0 = 2
fm_0 = 5
s_0 = 3
xs_0 = false
xm_0 = false
f_0 = 50.9360
g_0 = -35.4800 db
q_0 = 0.0000
hue_0 = 0
ft_1 = 1
fm_1 = 0
s_1 = 0
xs_1 = false
xm_1 = false
f_1 = 96.7490
g_1 = 1.8300 db
q_1 = 0.5000
hue_1 = 0.0625
ft_2 = 1
fm_2 = 0
s_2 = 0
xs_2 = false
xm_2 = false
f_2 = 1201.6000
g_2 = -2.4600 db
q_2 = 3.9100
hue_2 = 0.125
ft_3 = 1
fm_3 = 0
s_3 = 0
xs_3 = false
xm_3 = false
f_3 = 2806.8470
g_3 = -9.1600 db
q_3 = 4.6600
hue_3 = 0.1875
ft_4 = 1
fm_4 = 0
s_4 = 0
xs_4 = false
xm_4 = false
f_4 = 10875.0000
g_4 = 0.8000 db
q_4 = 0.1000
hue_4 = 0.25
ft_5 = 0
fm_5 = 0
s_5 = 0
xs_5 = false
xm_5 = false
f_5 = 500.0000
g_5 = 0.0000 db
q_5 = 0.0000
hue_5 = 0.3125
ft_6 = 0
fm_6 = 0
s_6 = 0
xs_6 = false
xm_6 = false
f_6 = 500.0000
g_6 = 0.0000 db
q_6 = 0.0000
hue_6 = 0.375
ft_7 = 0
fm_7 = 0
s_7 = 0
xs_7 = false
xm_7 = false
f_7 = 500.0000
g_7 = 0.0000 db
q_7 = 0.0000
hue_7 = 0.4375
ft_8 = 0
fm_8 = 0
s_8 = 0
xs_8 = false
xm_8 = false
f_8 = 500.0000
g_8 = 0.0000 db
q_8 = 0.0000
hue_8 = 0.5
ft_9 = 0
fm_9 = 0
s_9 = 0
xs_9 = false
xm_9 = false
f_9 = 500.0000
g_9 = 0.0000 db
q_9 = 0.0000
hue_9 = 0.5625
ft_10 = 0
fm_10 = 0
s_10 = 0
xs_10 = false
xm_10 = false
f_10 = 500.0000
g_10 = 0.0000 db
q_10 = 0.0000
hue_10 = 0.625
ft_11 = 0
fm_11 = 0
s_11 = 0
xs_11 = false
xm_11 = false
f_11 = 500.0000
g_11 = 0.0000 db
q_11 = 0.0000
hue_11 = 0.6875
ft_12 = 0
fm_12 = 0
s_12 = 0
xs_12 = false
xm_12 = false
f_12 = 500.0000
g_12 = 0.0000 db
q_12 = 0.0000
hue_12 = 0.75
ft_13 = 0
fm_13 = 0
s_13 = 0
xs_13 = false
xm_13 = false
f_13 = 500.0000
g_13 = 0.0000 db
q_13 = 0.0000
hue_13 = 0.8125
ft_14 = 0
fm_14 = 0
s_14 = 0
xs_14 = false
xm_14 = false
f_14 = 500.0000
g_14 = 0.0000 db
q_14 = 0.0000
hue_14 = 0.875
ft_15 = 0
fm_15 = 0
s_15 = 0
xs_15 = false
xm_15 = false
f_15 = 500.0000
g_15 = 0.0000 db
q_15 = 0.0000
hue_15 = 0.9375
out_latency = 0