bypass = false
g_in = -6.0000 db
g_out = 0.00 db
mode = 0
react = 0.10000
shift = 0.00 db
ife_l = true
ofe_l = false
ife_r = true
ofe_r = false
zoom = -36.000 db
fsel = 0
bal = 0.00000
frqs = 0.00000
ft_0 = 5
fm_0 = 6
s_0 = 0
xs_0 = false
xm_0 = false
f_0 = 32.0000
g_0 = 3.2100 db
q_0 = 0.6900
hue_0 = 0
ft_1 = 5
fm_1 = 6
s_1 = 0
xs_1 = false
xm_1 = false
f_1 = 98.4970
g_1 = 1.3900 db
q_1 = 0.7100
hue_1 = 0.1
ft_2 = 1
fm_2 = 0
s_2 = 0
xs_2 = false
xm_2 = false
f_2 = 570.0000
g_2 = 1.9200 db
q_2 = 0.8000
hue_2 = 0.2
ft_3 = 1
fm_3 = 0
s_3 = 0
xs_3 = false
xm_3 = false
f_3 = 1350.0000
g_3 = -1.3200 db
q_3 = 1.7000
hue_3 = 0.30000000000000004
ft_4 = 3
fm_4 = 6
s_4 = 0
xs_4 = false
xm_4 = false
f_4 = 1800.0000
g_4 = 4.7500 db
q_4 = 0.7100
hue_4 = 0.4
ft_5 = 1
fm_5 = 0
s_5 = 0
xs_5 = false
xm_5 = false
f_5 = 3030.0000
g_5 = -2.9000 db
q_5 = 2.8000
hue_5 = 0.5
ft_6 = 1
fm_6 = 0
s_6 = 0
xs_6 = false
xm_6 = false
f_6 = 3630.0000
g_6 = -2.2000 db
q_6 = 4.8000
hue_6 = 0.6000000000000001
ft_7 = 1
fm_7 = 0
s_7 = 0
xs_7 = false
xm_7 = false
f_7 = 5900.0000
g_7 = -5.3000 db
q_7 = 6.0000
hue_7 = 0.7000000000000001
ft_8 = 1
fm_8 = 0
s_8 = 0
xs_8 = false
xm_8 = false
f_8 = 7000.0000
g_8 = 2.0000 db
q_8 = 1.0000
hue_8 = 0.8
ft_9 = 3
fm_9 = 6
s_9 = 0
xs_9 = false
xm_9 = false
f_9 = 10000.0000
g_9 = -5.0000 db
q_9 = 0.7100
hue_9 = 0.9
ft_10 = 0
fm_10 = 0
s_10 = 0
xs_10 = false
xm_10 = false
f_10 = 500.0000
g_10 = 0.0000 db
q_10 = 1.4100
hue_10 = 0.625
ft_11 = 0
fm_11 = 0
s_11 = 0
xs_11 = false
xm_11 = false
f_11 = 500.0000
g_11 = 0.0000 db
q_11 = 1.4100
hue_11 = 0.6875
ft_12 = 0
fm_12 = 0
s_12 = 0
xs_12 = false
xm_12 = false
f_12 = 500.0000
g_12 = 0.0000 db
q_12 = 1.4100
hue_12 = 0.75
ft_13 = 0
fm_13 = 0
s_13 = 0
xs_13 = false
xm_13 = false
f_13 = 500.0000
g_13 = 0.0000 db
q_13 = 1.4100
hue_13 = 0.8125
ft_14 = 0
fm_14 = 0
s_14 = 0
xs_14 = false
xm_14 = false
f_14 = 500.0000
g_14 = 0.0000 db
q_14 = 1.4100
hue_14 = 0.875
ft_15 = 0
fm_15 = 0
s_15 = 0
xs_15 = false
xm_15 = false
f_15 = 500.0000
g_15 = 0.0000 db
q_15 = 1.4100
hue_15 = 0.9375