bypass = false
g_in = -1.5000 db
g_out = 0.00 db
mode = 0
react = 0.10000
shift = 0.00 db
ife_l = true
ofe_l = false
ife_r = true
ofe_r = false
zoom = -36.000 db
fsel = 0
bal = 0.00000
frqs = 0.00000
ft_0 = 5
fm_0 = 6
s_0 = 0
xs_0 = false
xm_0 = false
f_0 = 56.2950
g_0 = 1.5700 db
q_0 = 0.7100
hue_0 = 0
ft_1 = 5
fm_1 = 0
s_1 = 0
xs_1 = false
xm_1 = false
f_1 = 335.2940
g_1 = -2.6800 db
q_1 = 0.0000
hue_1 = 0.0625
ft_2 = 1
fm_2 = 0
s_2 = 0
xs_2 = false
xm_2 = false
f_2 = 430.0000
g_2 = -2.0000 db
q_2 = 1.2000
hue_2 = 0.125
ft_3 = 1
fm_3 = 0
s_3 = 0
xs_3 = false
xm_3 = false
f_3 = 622.9010
g_3 = -1.9900 db
q_3 = 0.2500
hue_3 = 0.1875
ft_4 = 1
fm_4 = 0
s_4 = 0
xs_4 = false
xm_4 = false
f_4 = 893.7160
g_4 = -1.0300 db
q_4 = 1.4100
hue_4 = 0.25
ft_5 = 1
fm_5 = 0
s_5 = 0
xs_5 = false
xm_5 = false
f_5 = 910.0000
g_5 = 7.5000 db
q_5 = 1.4000
hue_5 = 0.3125
ft_6 = 1
fm_6 = 0
s_6 = 0
xs_6 = false
xm_6 = false
f_6 = 1150.0000
g_6 = -4.6000 db
q_6 = 2.0000
hue_6 = 0.375
ft_7 = 1
fm_7 = 0
s_7 = 0
xs_7 = false
xm_7 = false
f_7 = 2850.0000
g_7 = -1.5000 db
q_7 = 6.0000
hue_7 = 0.4375
ft_8 = 1
fm_8 = 0
s_8 = 0
xs_8 = false
xm_8 = false
f_8 = 2901.0970
g_8 = -0.9500 db
q_8 = 1.1600
hue_8 = 0.5
ft_9 = 1
fm_9 = 0
s_9 = 0
xs_9 = false
xm_9 = false
f_9 = 2959.6430
g_9 = -2.0700 db
q_9 = 0.1600
hue_9 = 0.5625
ft_10 = 1
fm_10 = 0
s_10 = 0
xs_10 = false
xm_10 = false
f_10 = 3250.0000
g_10 = -1.5000 db
q_10 = 6.0000
hue_10 = 0.625
ft_11 = 1
fm_11 = 0
s_11 = 0
xs_11 = false
xm_11 = false
f_11 = 4000.0000
g_11 = 4.5000 db
q_11 = 0.7000
hue_11 = 0.6875
ft_12 = 1
fm_12 = 0
s_12 = 0
xs_12 = false
xm_12 = false
f_12 = 4350.0000
g_12 = -1.0000 db
q_12 = 5.0000
hue_12 = 0.75
ft_13 = 1
fm_13 = 0
s_13 = 0
xs_13 = false
xm_13 = false
f_13 = 5750.0000
g_13 = -1.5000 db
q_13 = 5.0000
hue_13 = 0.8125
ft_14 = 3
fm_14 = 6
s_14 = 0
xs_14 = false
xm_14 = false
f_14 = 10000.0000
g_14 = 1.2500 db
q_14 = 0.7100
hue_14 = 0.875
ft_15 = 3
fm_15 = 0
s_15 = 0
xs_15 = false
xm_15 = false
f_15 = 10369.7070
g_15 = -0.6000 db
q_15 = 0.2500
hue_15 = 0.9375